1,2,3,4,5,6,7,8,9,x
1.51667,12.94,3.61,1.26,72.75,0.56,8.6,0,0,1
1.51735,13.02,3.54,1.69,72.73,0.54,8.44,0,0.07,0
1.51747,12.84,3.5,1.14,73.27,0.56,8.55,0,0,0
1.51813,13.43,3.98,1.18,72.49,0.58,8.15,0,0,1
1.51662,12.85,3.51,1.44,73.01,0.68,8.23,0.06,0.25,1
1.51934,13.64,3.54,0.75,72.65,0.16,8.89,0.15,0.24,0
1.5172,13.38,3.5,1.15,72.85,0.5,8.43,0,0,0
1.52152,13.12,3.58,0.9,72.2,0.23,9.82,0,0.16,0
1.52222,14.43,0,1,72.67,0.1,11.52,0,0.08,1
1.52739,11.02,0,0.75,73.08,0,14.96,0,0,1
1.51756,13.15,3.61,1.05,73.24,0.57,8.24,0,0,0
1.51571,12.72,3.46,1.56,73.2,0.67,8.09,0,0.24,0
1.51673,13.3,3.64,1.53,72.53,0.65,8.03,0,0.29,1
1.51779,13.64,3.65,0.65,73,0.06,8.93,0,0,0
1.51665,13.14,3.45,1.76,72.48,0.6,8.38,0,0.17,0
1.52664,11.23,0,0.77,73.21,0,14.68,0,0,1
1.51846,13.41,3.89,1.33,72.38,0.51,8.28,0,0,1
1.51594,13.09,3.52,1.55,72.87,0.68,8.05,0,0.09,1
1.5161,13.42,3.4,1.22,72.69,0.59,8.32,0,0,0
1.5174299999999998,12.2,3.25,1.16,73.55,0.62,8.9,0,0.24,1
1.51754,13.48,3.74,1.17,72.99,0.59,8.03,0,0,0
1.51926,13.2,3.33,1.28,72.36,0.6,9.14,0,0.11,0
1.52177,13.75,1.01,1.36,72.19,0.33,11.14,0,0,1
1.51761,12.81,3.54,1.23,73.24,0.58,8.39,0,0,0
1.51689,12.67,2.88,1.71,73.21,0.73,8.54,0,0,1
1.51909,13.89,3.53,1.32,71.81,0.51,8.78,0.11,0,0
1.51711,12.89,3.62,1.57,72.96,0.61,8.11,0,0,1
1.51629,12.71,3.33,1.49,73.28,0.67,8.24,0,0,1
1.5159,13.24,3.34,1.47,73.1,0.39,8.22,0,0,1
1.51824,12.87,3.48,1.29,72.95,0.6,8.43,0,0,0
1.51768,12.56,3.52,1.43,73.15,0.57,8.54,0,0,0
1.5184799999999998,13.64,3.87,1.27,71.96,0.54,8.32,0,0.32,1
1.51768,12.65,3.56,1.3,73.08,0.61,8.69,0,0.14,0
1.51769,12.45,2.71,1.29,73.7,0.56,9.06,0,0.24,0
1.51707,13.48,3.48,1.71,72.52,0.62,7.99,0,0,1
1.5221,13.73,3.84,0.72,71.76,0.17,9.74,0,0,0
1.51655,12.75,2.85,1.44,73.27,0.57,8.79,0.11,0.22,1
1.51776,13.53,3.41,1.52,72.04,0.58,8.79,0,0,0
1.51709,13,3.47,1.79,72.72,0.66,8.18,0,0,1
1.51721,12.87,3.48,1.33,73.04,0.56,8.43,0,0,0
1.51796,13.5,3.36,1.63,71.94,0.57,8.81,0,0.09,0
1.51839,12.85,3.67,1.24,72.57,0.62,8.68,0,0.35,1
1.51409,14.25,3.09,2.08,72.28,1.1,7.08,0,0,1
1.51872,12.93,3.66,1.56,72.51,0.58,8.55,0,0.12,1
1.51784,12.68,3.67,1.16,73.11,0.61,8.7,0,0,0
1.51811,12.96,2.96,1.43,72.92,0.6,8.79,0.14,0,1
1.51755,13,3.6,1.36,72.99,0.57,8.4,0,0.11,0
1.52614,13.7,0,1.36,71.24,0.19,13.44,0,0.1,1
1.5166,12.99,3.18,1.23,72.97,0.58,8.81,0,0.24,1
1.5169,13.33,3.54,1.61,72.54,0.68,8.11,0,0,1
1.51645,13.4,3.49,1.52,72.65,0.67,8.08,0,0.1,1
1.51742,13.27,3.62,1.24,73.08,0.55,8.07,0,0,0
1.51574,14.86,3.67,1.74,71.87,0.16,7.36,0,0.12,1
1.51643,12.16,3.52,1.35,72.89,0.57,8.53,0,0,0
1.51966,14.77,3.75,0.29,72.02,0.03,9,0,0,0
1.51769,13.65,3.66,1.11,72.77,0.11,8.6,0,0,0
1.51829,13.24,3.9,1.41,72.33,0.55,8.31,0,0.1,1
1.5173,12.35,2.72,1.63,72.87,0.7,9.23,0,0,1
1.52152,13.05,3.65,0.87,72.32,0.19,9.85,0,0.17,0
1.51646,13.41,3.55,1.25,72.81,0.68,8.1,0,0,1
1.5164,12.55,3.48,1.87,73.23,0.63,8.08,0,0.09,1
1.51784,13.08,3.49,1.28,72.86,0.6,8.49,0,0,0
1.52227,14.17,3.81,0.78,71.35,0,9.69,0,0,0
1.52223,13.21,3.77,0.79,71.99,0.13,10.02,0,0,0
1.51674,12.87,3.56,1.64,73.14,0.65,7.99,0,0,1
1.51748,12.86,3.56,1.27,73.21,0.54,8.38,0,0.17,0
1.52068,13.55,2.09,1.67,72.18,0.53,9.57,0.27,0.17,1
1.51625,13.36,3.58,1.49,72.72,0.45,8.21,0,0,1
1.52152,13.05,3.65,0.87,72.22,0.19,9.85,0,0.17,0
1.5174299999999998,13.3,3.6,1.14,73.09,0.58,8.17,0,0,0
1.51847,13.1,3.97,1.19,72.44,0.6,8.43,0,0,1
1.52101,13.64,4.49,1.1,71.78,0.06,8.75,0,0,0
1.51766,13.21,3.69,1.29,72.61,0.57,8.22,0,0,0
1.51764,12.98,3.54,1.21,73,0.65,8.53,0,0,0
1.5182,12.62,2.76,0.83,73.81,0.35,9.42,0,0.2,1
1.51841,13.02,3.62,1.06,72.34,0.64,9.13,0,0.15,1
1.51837,13.14,2.84,1.28,72.85,0.55,9.07,0,0,0
1.5241,13.83,2.9,1.17,71.15,0.08,10.79,0,0,1
1.51763,12.61,3.59,1.31,73.29,0.58,8.5,0,0,0
1.519,13.49,3.48,1.35,71.95,0.55,9,0,0,0
1.51618,13.01,3.5,1.48,72.89,0.6,8.12,0,0,1
