1,2,3,4,5,6,7,8,9,x
1.52101,13.64,4.49,1.1,71.78,0.06,8.75,0,0,0
1.51761,13.89,3.6,1.36,72.73,0.48,7.83,0,0,0
1.51618,13.53,3.55,1.54,72.99,0.39,7.78,0,0,0
1.51742,13.27,3.62,1.24,73.08,0.55,8.07,0,0,0
1.51756,13.15,3.61,1.05,73.24,0.57,8.24,0,0,0
1.51755,13,3.6,1.36,72.99,0.57,8.4,0,0.11,0
1.51761,12.81,3.54,1.23,73.24,0.58,8.39,0,0,0
1.51911,13.9,3.73,1.18,72.12,0.06,8.89,0,0,0
1.51735,13.02,3.54,1.69,72.73,0.54,8.44,0,0.07,0
1.5175,12.82,3.55,1.49,72.75,0.54,8.52,0,0.19,0
1.51966,14.77,3.75,0.29,72.02,0.03,9,0,0,0
1.51751,12.81,3.57,1.35,73.02,0.62,8.59,0,0,0
1.5172,13.38,3.5,1.15,72.85,0.5,8.43,0,0,0
1.51793,13.21,3.48,1.41,72.64,0.59,8.43,0,0,0
1.51721,12.87,3.48,1.33,73.04,0.56,8.43,0,0,0
1.51768,12.56,3.52,1.43,73.15,0.57,8.54,0,0,0
1.51784,13.08,3.49,1.28,72.86,0.6,8.49,0,0,0
1.51909,13.89,3.53,1.32,71.81,0.51,8.78,0.11,0,0
1.51755,12.71,3.42,1.2,73.2,0.59,8.64,0,0,0
1.51779,13.21,3.39,1.33,72.76,0.59,8.59,0,0,0
1.5221,13.73,3.84,0.72,71.76,0.17,9.74,0,0,0
1.51837,13.14,2.84,1.28,72.85,0.55,9.07,0,0,0
1.51215,12.99,3.47,1.12,72.98,0.62,8.35,0,0.31,0
1.51824,12.87,3.48,1.29,72.95,0.6,8.43,0,0,0
1.52227,14.17,3.81,0.78,71.35,0,9.69,0,0,0
1.5217200000000002,13.48,3.74,0.9,72.01,0.18,9.61,0,0.07,0
1.52152,13.05,3.65,0.87,72.32,0.19,9.85,0,0.17,0
1.52152,13.12,3.58,0.9,72.2,0.23,9.82,0,0.16,0
1.51574,14.86,3.67,1.74,71.87,0.16,7.36,0,0.12,1
1.5184799999999998,13.64,3.87,1.27,71.96,0.54,8.32,0,0.32,1
1.51596,13.02,3.56,1.54,73.11,0.72,7.9,0,0,1
1.5159,13.02,3.58,1.51,73.12,0.69,7.96,0,0,1
1.51593,13.25,3.45,1.43,73.17,0.61,7.86,0,0,1
1.51409,14.25,3.09,2.08,72.28,1.1,7.08,0,0,1
1.51625,13.36,3.58,1.49,72.72,0.45,8.21,0,0,1
1.51645,13.4,3.49,1.52,72.65,0.67,8.08,0,0.1,1
1.51618,13.01,3.5,1.48,72.89,0.6,8.12,0,0,1
1.51841,12.93,3.74,1.11,72.28,0.64,8.96,0,0.22,1
1.51588,13.12,3.41,1.58,73.26,0.07,8.39,0,0.19,1
1.51629,12.71,3.33,1.49,73.28,0.67,8.24,0,0,1
1.51841,13.02,3.62,1.06,72.34,0.64,9.13,0,0.15,1
1.51689,12.67,2.88,1.71,73.21,0.73,8.54,0,0,1
1.5173,12.35,2.72,1.63,72.87,0.7,9.23,0,0,1
1.5182,12.62,2.76,0.83,73.81,0.35,9.42,0,0.2,1
1.52475,11.45,0,1.88,72.19,0.81,13.24,0,0.34,1
1.53125,10.73,0,2.1,69.81,0.58,13.3,3.15,0.28,1
1.53393,12.3,0,1,70.16,0.12,16.19,0,0.24,1
1.52222,14.43,0,1,72.67,0.1,11.52,0,0.08,1
1.51818,13.72,0,0.56,74.45,0,10.99,0,0,1
1.52739,11.02,0,0.75,73.08,0,14.96,0,0,1
1.52777,12.64,0,0.67,72.02,0.06,14.4,0,0,1
1.51892,13.46,3.83,1.26,72.55,0.57,8.21,0,0.14,1
1.51847,13.1,3.97,1.19,72.44,0.6,8.43,0,0,1
1.51829,13.24,3.9,1.41,72.33,0.55,8.31,0,0.1,1
1.51652,13.56,3.57,1.47,72.45,0.64,7.96,0,0,1
1.51663,12.93,3.54,1.62,72.96,0.64,8.03,0,0.21,1
1.5168700000000002,13.23,3.54,1.48,72.84,0.56,8.1,0,0,1
1.52068,13.55,2.09,1.67,72.18,0.53,9.57,0.27,0.17,1
1.5202,13.98,1.35,1.63,71.76,0.39,10.56,0,0.18,1
1.52614,13.7,0,1.36,71.24,0.19,13.44,0,0.1,1
1.51813,13.43,3.98,1.18,72.49,0.58,8.15,0,0,1
1.518,13.71,3.93,1.54,71.81,0.54,8.21,0,0.15,1
1.51811,13.33,3.85,1.25,72.78,0.52,8.12,0,0,1
1.51789,13.19,3.9,1.3,72.33,0.55,8.44,0,0.28,1
1.51674,12.87,3.56,1.64,73.14,0.65,7.99,0,0,1
1.5169,13.33,3.54,1.61,72.54,0.68,8.11,0,0,1
1.51662,12.85,3.51,1.44,73.01,0.68,8.23,0.06,0.25,1
1.51709,13,3.47,1.79,72.72,0.66,8.18,0,0,1
1.5166,12.99,3.18,1.23,72.97,0.58,8.81,0,0.24,1
1.51839,12.85,3.67,1.24,72.57,0.62,8.68,0,0.35,1
1.5161,13.33,3.53,1.34,72.67,0.56,8.33,0,0,0
1.5167,13.24,3.57,1.38,72.7,0.56,8.44,0,0.1,0
1.51643,12.16,3.52,1.35,72.89,0.57,8.53,0,0,0
1.51665,13.14,3.45,1.76,72.48,0.6,8.38,0,0.17,0
1.5161,13.42,3.4,1.22,72.69,0.59,8.32,0,0,0
1.51694,12.86,3.58,1.31,72.61,0.61,8.79,0,0,0
1.51646,13.04,3.4,1.26,73.01,0.52,8.58,0,0,0
1.52121,14.03,3.76,0.58,71.79,0.11,9.65,0,0,0
1.51832,13.33,3.34,1.54,72.14,0.56,8.99,0,0,0
1.52211,14.19,3.78,0.91,71.36,0.23,9.14,0,0.37,0
1.51915,12.73,1.85,1.86,72.69,0.6,10.09,0,0,0
1.52151,11.03,1.71,1.56,73.44,0.58,11.62,0,0,0
1.51969,12.64,0,1.65,73.75,0.38,11.53,0,0,0
1.52369,13.44,0,1.58,72.22,0.32,12.24,0,0,0
1.51316,13.02,0,3.04,70.48,6.21,6.96,0,0,0
1.52043,13.38,0,1.4,72.25,0.33,12.5,0,0,0
1.51131,13.69,3.2,1.81,72.81,1.76,5.43,1.19,0,0
1.52247,14.86,2.2,2.06,70.26,0.76,9.76,0,0,0
1.52365,15.79,1.83,1.31,70.43,0.31,8.61,1.68,0,0
1.51613,13.88,1.78,1.79,73.1,0,8.67,0.76,0,0
1.51602,14.85,0,2.38,73.28,0,8.76,0.64,0.09,0
1.51623,14.2,0,2.79,73.46,0.04,9.04,0.4,0.09,0
1.51719,14.75,0,2,73.02,0,8.53,1.59,0.08,0
1.51683,14.56,0,1.98,73.29,0,8.52,1.57,0.07,0
1.51545,14.14,0,2.68,73.39,0.08,9.07,0.61,0.05,0
1.51556,13.87,0,2.54,73.23,0.14,9.41,0.81,0.01,0
1.51727,14.7,0,2.34,73.28,0,8.95,0.66,0,0
1.51653,11.95,0,1.19,75.18,2.7,8.93,0,0,0
1.51514,14.85,0,2.42,73.72,0,8.39,0.56,0,0
1.51617,14.95,0,2.27,73.3,0,8.71,0.67,0,0
1.51645,14.94,0,1.87,73.11,0,8.67,1.38,0,0
1.52065,14.36,0,2.02,73.42,0,8.44,1.64,0,0
